      0/99     0.51G   0.06734   0.02161         0   0.08895       112       640     0.633    0.4019    0.4214    0.1513   0.09815   0.05077         0
      1/99     7.61G   0.05023   0.02256         0    0.0728       128       640    0.7435    0.4724    0.5167    0.2211   0.09088   0.05287         0
      2/99      6.1G    0.0458   0.02268         0   0.06848       136       640    0.7673    0.4847    0.5325     0.238   0.09057   0.05021         0
      3/99     6.39G   0.04363   0.02379         0   0.06742        85       640    0.7799    0.5165     0.568    0.2698   0.08556   0.05474         0
      4/99     6.39G   0.04196   0.02367         0   0.06564       135       640    0.8042    0.5329    0.5885     0.274   0.08238   0.05796         0
      5/99     6.39G   0.04083   0.02367         0    0.0645       175       640    0.8279    0.5294    0.5963    0.2904   0.08041   0.06188         0
      6/99     6.61G   0.04036   0.02305         0   0.06341       195       640    0.8136    0.5334    0.5964    0.2907   0.08174   0.05976         0
      7/99     6.61G   0.03976   0.02283         0   0.06259       153       640    0.8169    0.5476    0.6054    0.2906   0.08005   0.06031         0
      8/99     6.61G   0.03956    0.0236         0   0.06316       142       640    0.8102    0.5627     0.618    0.3008   0.08013   0.06374         0
      9/99     6.61G   0.03943   0.02302         0   0.06245        77       640    0.8016    0.5698    0.6228    0.3055   0.07857    0.0637         0
     10/99     6.61G   0.03907   0.02315         0   0.06222        75       640    0.8231      0.57    0.6281    0.3055   0.07968    0.0638         0
     11/99     7.13G   0.03895   0.02297         0   0.06192        80       640    0.8167    0.5588    0.6159    0.3018   0.07987   0.06579         0
     12/99     7.13G    0.0387   0.02245         0   0.06115       231       640    0.8243    0.5694    0.6318    0.3123   0.07901   0.06406         0
     13/99     7.13G    0.0384   0.02296         0   0.06137       162       640     0.813    0.5783     0.631    0.3132   0.07929   0.06479         0
     14/99     7.13G   0.03858   0.02324         0   0.06182       109       640    0.8256    0.5849    0.6446    0.3235   0.07838   0.06535         0
     15/99     7.13G    0.0381   0.02286         0   0.06096        86       640    0.8321    0.5851     0.645    0.3242   0.07841   0.06466         0
     16/99     7.13G   0.03803   0.02275         0   0.06077       205       640    0.8369    0.5833    0.6472    0.3247   0.07762   0.06646         0
     17/99     7.13G   0.03794   0.02254         0   0.06048       362       640    0.8378    0.5794     0.643    0.3213   0.07787    0.0664         0
     18/99     7.13G   0.03796   0.02289         0   0.06085       124       640    0.8405    0.5834    0.6484    0.3245   0.07782   0.06519         0
     19/99     7.13G   0.03793   0.02246         0   0.06039       145       640    0.8386    0.5823    0.6462    0.3231   0.07793   0.06709         0
     20/99     7.13G   0.03772   0.02305         0   0.06077       262       640    0.8419    0.5848    0.6492     0.328   0.07798   0.06607         0
     21/99     7.13G   0.03785   0.02247         0   0.06032        84       640    0.8491    0.5944    0.6591    0.3325   0.07775   0.06468         0
     22/99     7.13G   0.03756   0.02294         0    0.0605       105       640    0.8273    0.5974    0.6551    0.3306   0.07751   0.06509         0
     23/99     7.41G   0.03769   0.02282         0   0.06052       263       640    0.8399    0.5951    0.6585    0.3322   0.07746   0.06494         0
     24/99     7.41G   0.03742   0.02248         0    0.0599       896       640    0.8431    0.5979    0.6618    0.3363   0.07733   0.06591         0
     25/99     7.41G   0.03752   0.02286         0   0.06038       157       640    0.8351    0.5968    0.6569    0.3329   0.07675   0.06593         0
     26/99      7.7G   0.03746   0.02279         0   0.06025       373       640    0.8402    0.6012     0.662     0.336   0.07667   0.06716         0
     27/99      7.7G   0.03747   0.02293         0   0.06041       487       640    0.8397    0.6078    0.6674    0.3418   0.07647   0.06657         0
     28/99      7.7G   0.03723   0.02227         0    0.0595       141       640    0.8488    0.6042     0.668    0.3394   0.07629   0.06702         0
     29/99      7.7G   0.03735   0.02252         0   0.05987       319       640    0.8338    0.6145    0.6697    0.3403   0.07591   0.06758         0
     30/99      7.7G   0.03706    0.0225         0   0.05956       217       640    0.8422    0.6114    0.6714    0.3445    0.0762   0.06792         0
     31/99      7.7G   0.03722   0.02227         0   0.05949       286       640    0.8371    0.6069    0.6703    0.3419    0.0766   0.06657         0
     32/99      7.7G   0.03698   0.02266         0   0.05964        69       640    0.8457    0.6104    0.6736    0.3466   0.07577   0.06794         0
     33/99      7.7G   0.03697   0.02265         0   0.05962       187       640    0.8417    0.6138    0.6742     0.345   0.07626   0.06672         0
     34/99      7.7G   0.03697   0.02271         0   0.05968       113       640    0.8351    0.6201    0.6774    0.3463   0.07525   0.06824         0
     35/99      7.7G   0.03695   0.02233         0   0.05928       151       640    0.8444    0.6148    0.6768    0.3462   0.07514   0.06926         0
     36/99      7.7G   0.03677   0.02247         0   0.05924       128       640    0.8544    0.6126    0.6786    0.3462   0.07524   0.06935         0
     37/99      7.7G   0.03662   0.02238         0     0.059        68       640    0.8387    0.6204    0.6773    0.3482   0.07525   0.06951         0
     38/99      7.7G   0.03692   0.02225         0   0.05917       284       640    0.8586    0.6118    0.6793    0.3491   0.07467   0.06946         0
     39/99      7.7G    0.0368   0.02223         0   0.05902       132       640    0.8605    0.6131    0.6813    0.3499   0.07454   0.07005         0
     40/99      7.7G   0.03662   0.02211         0   0.05873       189       640    0.8447    0.6225    0.6819    0.3501   0.07474   0.06943         0
     41/99      7.7G   0.03661   0.02245         0   0.05906        85       640    0.8508    0.6196    0.6828    0.3514   0.07465   0.07001         0
     42/99      7.7G   0.03647   0.02212         0    0.0586       142       640    0.8456    0.6233    0.6834    0.3526   0.07444   0.07028         0
     43/99      7.7G   0.03636    0.0221         0   0.05845        93       640    0.8406    0.6281    0.6846    0.3524   0.07427   0.07038         0
     44/99      7.7G   0.03653    0.0223         0   0.05883        99       640    0.8513     0.623     0.685     0.353     0.074   0.07041         0
     45/99      7.7G   0.03639   0.02248         0   0.05887        75       640    0.8561    0.6213    0.6865    0.3549   0.07385   0.07074         0
     46/99      7.7G   0.03632   0.02268         0     0.059       222       640    0.8561    0.6222    0.6876     0.356   0.07373   0.07111         0
     47/99      7.7G   0.03638   0.02188         0   0.05826       387       640    0.8543     0.623    0.6871    0.3549   0.07347   0.07136         0
     48/99      7.7G   0.03623   0.02238         0   0.05861       113       640     0.845    0.6299    0.6879    0.3559   0.07334   0.07178         0
     49/99      7.7G   0.03595   0.02172         0   0.05768       287       640    0.8485    0.6285    0.6885    0.3562     0.073   0.07254         0
     50/99      7.7G   0.03581   0.02181         0   0.05761       112       640    0.8447    0.6289    0.6876     0.355   0.07252   0.07324         0
     51/99      7.7G   0.03619   0.02244         0   0.05863      1605       640     0.863    0.6217    0.6896    0.3559   0.07235   0.07369         0
     52/99      7.7G   0.03609   0.02198         0   0.05806        64       640    0.8597    0.6232    0.6899    0.3574   0.07229   0.07392         0
     53/99      7.7G   0.03582   0.02199         0    0.0578       167       640    0.8544    0.6264    0.6904    0.3575   0.07208   0.07427         0
     54/99      7.7G   0.03609   0.02208         0   0.05818        85       640     0.853    0.6278    0.6902    0.3575   0.07195   0.07448         0
     55/99      7.7G   0.03612   0.02233         0   0.05845       101       640    0.8411    0.6356     0.691    0.3581   0.07168   0.07496         0
     56/99      7.7G   0.03577   0.02203         0    0.0578        92       640    0.8473    0.6326     0.692    0.3587   0.07142   0.07539         0
     57/99      7.7G   0.03562   0.02184         0   0.05746        81       640    0.8467    0.6343    0.6921    0.3587    0.0714   0.07558         0
     58/99     8.01G   0.03549   0.02159         0   0.05709        93       640    0.8589    0.6276    0.6923    0.3586   0.07121   0.07597         0
     59/99     8.01G   0.03553   0.02176         0   0.05729        56       640    0.8568    0.6301    0.6932    0.3596   0.07097   0.07651         0
     60/99     8.01G   0.03552   0.02127         0   0.05679        84       640    0.8538    0.6326    0.6935      0.36   0.07083   0.07692         0
     61/99     8.01G   0.03551   0.02207         0   0.05758       128       640    0.8577    0.6312    0.6942    0.3598   0.07061   0.07765         0
     62/99     8.01G   0.03538   0.02158         0   0.05697       119       640    0.8542    0.6324    0.6942    0.3597   0.07049    0.0781         0
     63/99     8.01G   0.03522   0.02163         0   0.05685       165       640    0.8455    0.6377    0.6948    0.3595   0.07041   0.07857         0
     64/99     8.01G   0.03554   0.02219         0   0.05772       147       640    0.8525    0.6351    0.6949    0.3599   0.07026   0.07892         0
     65/99     8.01G   0.03523   0.02187         0    0.0571        65       640    0.8444    0.6395    0.6955    0.3599   0.07013   0.07928         0
     66/99     8.01G   0.03523   0.02118         0    0.0564       157       640    0.8481    0.6377    0.6958    0.3599   0.07001   0.07968         0
     67/99     8.01G   0.03516   0.02139         0   0.05655        48       640    0.8364    0.6452    0.6966      0.36   0.06991   0.07998         0
     68/99     8.01G   0.03513   0.02142         0   0.05655        67       640    0.8563    0.6346    0.6967    0.3602   0.06978   0.08045         0
     69/99     8.01G   0.03509   0.02155         0   0.05664       212       640    0.8441     0.642     0.697    0.3603   0.06967   0.08093         0
     70/99     8.01G   0.03509   0.02155         0   0.05664       131       640    0.8492    0.6393    0.6971    0.3607   0.06957   0.08133         0
     71/99     8.01G    0.0349   0.02149         0   0.05639       103       640    0.8484    0.6401    0.6967    0.3606   0.06948   0.08175         0
     72/99     8.01G    0.0347   0.02108         0   0.05578        67       640    0.8505    0.6396    0.6971     0.361   0.06943   0.08203         0
     73/99     8.01G   0.03463   0.02145         0   0.05608       124       640    0.8429     0.644    0.6971    0.3609   0.06938   0.08232         0
     74/99     8.01G   0.03487   0.02093         0    0.0558       122       640    0.8543    0.6378    0.6974    0.3611   0.06931   0.08265         0
     75/99     8.01G    0.0349   0.02152         0   0.05642       225       640    0.8528     0.639    0.6976    0.3612   0.06922   0.08299         0
     76/99     8.01G   0.03431   0.02117         0   0.05549       100       640    0.8571     0.637    0.6974    0.3612   0.06914   0.08335         0
     77/99     8.01G   0.03464   0.02159         0   0.05623       257       640    0.8572    0.6373     0.698    0.3613   0.06907   0.08366         0
     78/99     8.01G   0.03453   0.02151         0   0.05605       312       640     0.857     0.638    0.6983    0.3614     0.069   0.08396         0
     79/99     8.01G   0.03448   0.02161         0   0.05609       262       640    0.8558    0.6385    0.6984    0.3616   0.06893   0.08428         0
     80/99     8.01G   0.03456   0.02116         0   0.05572       219       640    0.8566     0.638    0.6981    0.3614   0.06886   0.08457         0
     81/99     8.01G   0.03445   0.02133         0   0.05578        95       640    0.8568     0.638    0.6978    0.3615    0.0688   0.08486         0
     82/99     8.01G   0.03452   0.02174         0   0.05626        89       640     0.857    0.6383     0.698    0.3615   0.06873   0.08512         0
     83/99     8.01G    0.0344   0.02117         0   0.05557       207       640    0.8634     0.635     0.698    0.3617   0.06867   0.08537         0
     84/99     8.01G   0.03437   0.02096         0   0.05532       139       640    0.8617    0.6363    0.6982    0.3618   0.06861   0.08561         0
     85/99     8.01G   0.03439   0.02148         0   0.05587       205       640    0.8622     0.636    0.6981    0.3618   0.06856   0.08583         0
     86/99     8.01G   0.03405   0.02094         0   0.05499       170       640    0.8614    0.6367    0.6984    0.3619   0.06852   0.08604         0
     87/99     8.01G    0.0344   0.02149         0   0.05589       268       640    0.8598    0.6373    0.6985    0.3618   0.06848   0.08624         0
     88/99     8.01G   0.03429     0.021         0   0.05529        97       640    0.8616    0.6361    0.6985    0.3619   0.06845   0.08642         0
     89/99     8.01G   0.03422   0.02072         0   0.05494       125       640    0.8615    0.6361    0.6985     0.362   0.06841   0.08657         0
     90/99     8.01G   0.03408   0.02109         0   0.05517       104       640     0.854    0.6404    0.6987     0.362   0.06837   0.08672         0
     91/99     8.01G   0.03422   0.02111         0   0.05533       289       640    0.8612    0.6363    0.6985     0.362   0.06833   0.08683         0
     92/99     8.01G   0.03411   0.02125         0   0.05536       181       640    0.8619    0.6359    0.6988     0.362    0.0683   0.08698         0
     93/99     8.01G   0.03428   0.02111         0   0.05539       157       640    0.8616    0.6363     0.699    0.3622   0.06826   0.08708         0
     94/99     8.01G    0.0342   0.02086         0   0.05506       161       640    0.8627    0.6358    0.6989    0.3622   0.06823   0.08719         0
     95/99     8.01G   0.03402   0.02109         0   0.05511       135       640    0.8582    0.6384     0.699    0.3625    0.0682    0.0873         0
     96/99     8.01G   0.03406   0.02104         0    0.0551        87       640    0.8579    0.6383    0.6991    0.3625   0.06818   0.08742         0
     97/99     8.01G   0.03405   0.02111         0   0.05516       128       640    0.8585     0.638    0.6987    0.3624   0.06815   0.08752         0
     98/99     8.01G   0.03409   0.02144         0   0.05553        94       640    0.8594    0.6376    0.6987     0.362   0.06812   0.08764         0
     99/99     8.01G   0.03401   0.02125         0   0.05526       111       640    0.8587     0.638    0.6988    0.3619    0.0681   0.08774         0
